 H2O Density=1. Thickness=25. microns
 Photon energy (eV), Transmission
    7000.0      0.96257    
    7002.0      0.96260    
    7004.0      0.96263    
    7006.0      0.96266    
    7008.0      0.96269    
    7010.0      0.96273    
    7012.0      0.96276    
    7014.0      0.96279    
    7016.0      0.96282    
    7018.0      0.96286    
    7020.0      0.96289    
    7022.0      0.96292    
    7024.0      0.96295    
    7026.0      0.96298    
    7028.0      0.96301    
    7030.0      0.96305    
    7032.0      0.96308    
    7034.0      0.96311    
    7036.0      0.96314    
    7038.0      0.96317    
    7040.0      0.96320    
    7042.0      0.96324    
    7044.0      0.96327    
    7046.0      0.96330    
    7048.0      0.96333    
    7050.0      0.96336    
    7052.0      0.96339    
    7054.0      0.96343    
    7056.0      0.96346    
    7058.0      0.96349    
    7060.0      0.96352    
    7062.0      0.96355    
    7064.0      0.96358    
    7066.0      0.96361    
    7068.0      0.96364    
    7070.0      0.96367    
    7072.0      0.96371    
    7074.0      0.96374    
    7076.0      0.96377    
    7078.0      0.96380    
    7080.0      0.96383    
    7082.0      0.96386    
    7084.0      0.96389    
    7086.0      0.96392    
    7088.0      0.96395    
    7090.0      0.96398    
    7092.0      0.96401    
    7094.0      0.96404    
    7096.0      0.96408    
    7098.0      0.96411    
    7100.0      0.96414    
    7102.0      0.96417    
    7104.0      0.96420    
    7106.0      0.96423    
    7108.0      0.96426    
    7110.0      0.96429    
    7112.0      0.96432    
    7114.0      0.96435    
    7116.0      0.96438    
    7118.0      0.96441    
    7120.0      0.96444    
    7122.0      0.96447    
    7124.0      0.96450    
    7126.0      0.96453    
    7128.0      0.96456    
    7130.0      0.96459    
    7132.0      0.96462    
    7134.0      0.96465    
    7136.0      0.96468    
    7138.0      0.96471    
    7140.0      0.96474    
    7142.0      0.96477    
    7144.0      0.96480    
    7146.0      0.96483    
    7148.0      0.96486    
    7150.0      0.96489    
    7152.0      0.96492    
    7154.0      0.96495    
    7156.0      0.96498    
    7158.0      0.96501    
    7160.0      0.96504    
    7162.0      0.96507    
    7164.0      0.96510    
    7166.0      0.96513    
    7168.0      0.96516    
    7170.0      0.96519    
    7172.0      0.96522    
    7174.0      0.96524    
    7176.0      0.96527    
    7178.0      0.96530    
    7180.0      0.96533    
    7182.0      0.96536    
    7184.0      0.96539    
    7186.0      0.96542    
    7188.0      0.96545    
    7190.0      0.96548    
    7192.0      0.96551    
    7194.0      0.96554    
    7196.0      0.96557    
    7198.0      0.96559    
    7200.0      0.96562    