 Fe Density=7.874 Thickness=5.95000E-02 microns
 Photon energy (eV), Transmission
    7000.0      0.99750    
    7002.0      0.99750    
    7004.0      0.99751    
    7006.0      0.99751    
    7008.0      0.99751    
    7010.0      0.99751    
    7012.0      0.99751    
    7014.0      0.99752    
    7016.0      0.99752    
    7018.0      0.99752    
    7020.0      0.99752    
    7022.0      0.99752    
    7024.0      0.99753    
    7026.0      0.99753    
    7028.0      0.99753    
    7030.0      0.99753    
    7032.0      0.99753    
    7034.0      0.99754    
    7036.0      0.99754    
    7038.0      0.99754    
    7040.0      0.99754    
    7042.0      0.99754    
    7044.0      0.99754    
    7046.0      0.99755    
    7048.0      0.99755    
    7050.0      0.99755    
    7052.0      0.99755    
    7054.0      0.99755    
    7056.0      0.99756    
    7058.0      0.99756    
    7060.0      0.99756    
    7062.0      0.99756    
    7064.0      0.99756    
    7066.0      0.99757    
    7068.0      0.99757    
    7070.0      0.99757    
    7072.0      0.99757    
    7074.0      0.99757    
    7076.0      0.99758    
    7078.0      0.99758    
    7080.0      0.99758    
    7082.0      0.99758    
    7084.0      0.99758    
    7086.0      0.99758    
    7088.0      0.99759    
    7090.0      0.99759    
    7092.0      0.99759    
    7094.0      0.99759    
    7096.0      0.99759    
    7098.0      0.99760    
    7100.0      0.99760    
    7102.0      0.99760    
    7104.0      0.99760    
    7106.0      0.99760    
    7108.0      0.99760    
    7110.0      0.99761    
    7112.0      0.99349    
    7114.0      0.98105    
    7116.0      0.98107    
    7118.0      0.98108    
    7120.0      0.98109    
    7122.0      0.98110    
    7124.0      0.98112    
    7126.0      0.98113    
    7128.0      0.98114    
    7130.0      0.98116    
    7132.0      0.98117    
    7134.0      0.98118    
    7136.0      0.98119    
    7138.0      0.98121    
    7140.0      0.98122    
    7142.0      0.98123    
    7144.0      0.98124    
    7146.0      0.98126    
    7148.0      0.98127    
    7150.0      0.98128    
    7152.0      0.98130    
    7154.0      0.98131    
    7156.0      0.98132    
    7158.0      0.98133    
    7160.0      0.98135    
    7162.0      0.98136    
    7164.0      0.98137    
    7166.0      0.98138    
    7168.0      0.98140    
    7170.0      0.98141    
    7172.0      0.98142    
    7174.0      0.98143    
    7176.0      0.98145    
    7178.0      0.98146    
    7180.0      0.98147    
    7182.0      0.98148    
    7184.0      0.98150    
    7186.0      0.98151    
    7188.0      0.98152    
    7190.0      0.98153    
    7192.0      0.98155    
    7194.0      0.98156    
    7196.0      0.98157    
    7198.0      0.98158    
    7200.0      0.98160    