   7.6000000e+00   1.3908100e-01   1.3901151e-01   6.9490141e-05
   7.5977511e+00   1.3897708e-01   1.3899049e-01  -1.3417038e-05
   7.5955068e+00   1.3933680e-01   1.3900534e-01   3.3146139e-04
   7.5932683e+00   1.3917713e-01   1.3895663e-01   2.2050510e-04
   7.5910355e+00   1.3930879e-01   1.3912079e-01   1.8799561e-04
   7.5888073e+00   1.3926872e-01   1.3923008e-01   3.8647262e-05
   7.5865837e+00   1.3940847e-01   1.3926967e-01   1.3880769e-04
   7.5843658e+00   1.3907168e-01   1.3928586e-01  -2.1418097e-04
   7.5821535e+00   1.3921154e-01   1.3933081e-01  -1.1927361e-04
   7.5799470e+00   1.3928997e-01   1.3936936e-01  -7.9391157e-05
   7.5777449e+00   1.3934534e-01   1.3941597e-01  -7.0626229e-05
   7.5755486e+00   1.3943229e-01   1.3944876e-01  -1.6465939e-05
   7.5733589e+00   1.3936124e-01   1.3952427e-01  -1.6302291e-04
   7.5711728e+00   1.3915667e-01   1.3961273e-01  -4.5606342e-04
   7.5689933e+00   1.3954077e-01   1.3966357e-01  -1.2279735e-04
   7.5668172e+00   1.3939296e-01   1.3950001e-01  -1.0704433e-04
   7.5646479e+00   1.3918591e-01   1.3960322e-01  -4.1730525e-04
   7.5624831e+00   1.3932838e-01   1.3959980e-01  -2.7141241e-04
   7.5603238e+00   1.3926710e-01   1.3965827e-01  -3.9116936e-04
   7.5581701e+00   1.3931941e-01   1.3970553e-01  -3.8612503e-04
   7.5560220e+00   1.3916547e-01   1.3958631e-01  -4.2083934e-04
   7.5538795e+00   1.3906003e-01   1.3948597e-01  -4.2594291e-04
   7.5517414e+00   1.3918630e-01   1.3948814e-01  -3.0183951e-04
   7.5496078e+00   1.3917700e-01   1.3966380e-01  -4.8679574e-04
   7.5474807e+00   1.3902296e-01   1.3956609e-01  -5.4313669e-04
   7.5453592e+00   1.3888390e-01   1.3956222e-01  -6.7832280e-04
   7.5432422e+00   1.3916353e-01   1.3954566e-01  -3.8212684e-04
   7.5411306e+00   1.3912149e-01   1.3954796e-01  -4.2646674e-04
   7.5390245e+00   1.3909407e-01   1.3944057e-01  -3.4649528e-04
   7.5369240e+00   1.3923810e-01   1.3944794e-01  -2.0984294e-04
   7.5348289e+00   1.3896770e-01   1.3939805e-01  -4.3034867e-04
   7.5327382e+00   1.3882777e-01   1.3933825e-01  -5.1047577e-04
   7.5306540e+00   1.3904073e-01   1.3935017e-01  -3.0943736e-04
   7.5285742e+00   1.3898917e-01   1.3932761e-01  -3.3844363e-04
   7.5264998e+00   1.3902965e-01   1.3932799e-01  -2.9833514e-04
   7.5244309e+00   1.3885665e-01   1.3923613e-01  -3.7947911e-04
   7.5223674e+00   1.3911930e-01   1.3921597e-01  -9.6665062e-05
   7.5203093e+00   1.3887566e-01   1.3918154e-01  -3.0587982e-04
   7.5182556e+00   1.3907067e-01   1.3912877e-01  -5.8096990e-05
   7.5162083e+00   1.3898226e-01   1.3909362e-01  -1.1136403e-04
   7.5141653e+00   1.3894626e-01   1.3917861e-01  -2.3235475e-04
   7.5121278e+00   1.3900320e-01   1.3919380e-01  -1.9059829e-04
   7.5100966e+00   1.3904263e-01   1.3912509e-01  -8.2457586e-05
   7.5080698e+00   1.3921506e-01   1.3910895e-01   1.0611500e-04
   7.5060493e+00   1.3903769e-01   1.3906455e-01  -2.6857467e-05
   7.5040332e+00   1.3913296e-01   1.3898779e-01   1.4517323e-04
   7.5020224e+00   1.3921158e-01   1.3898539e-01   2.2619248e-04
   7.5000180e+00   1.3911309e-01   1.3894543e-01   1.6766573e-04
   7.4980178e+00   1.3912571e-01   1.3892326e-01   2.0245900e-04
   7.4960230e+00   1.3917300e-01   1.3901272e-01   1.6027579e-04
   7.4940335e+00   1.3930290e-01   1.3900334e-01   2.9956149e-04
   7.4920493e+00   1.3940811e-01   1.3894873e-01   4.5937525e-04
   7.4900703e+00   1.3944850e-01   1.3901567e-01   4.3282880e-04
   7.4880967e+00   1.3924077e-01   1.3893653e-01   3.0423721e-04
   7.4861293e+00   1.3919029e-01   1.3895890e-01   2.3139497e-04
   7.4841662e+00   1.3943437e-01   1.3887759e-01   5.5677615e-04
   7.4822093e+00   1.3925802e-01   1.3902746e-01   2.3055317e-04
   7.4802567e+00   1.3934208e-01   1.3896565e-01   3.7644081e-04
   7.4783104e+00   1.3933253e-01   1.3893139e-01   4.0113701e-04
   7.4763672e+00   1.3935738e-01   1.3882981e-01   5.2756940e-04
   7.4744323e+00   1.3923181e-01   1.3901030e-01   2.2150813e-04
   7.4724996e+00   1.3952236e-01   1.3897725e-01   5.4510573e-04
   7.4705751e+00   1.3928684e-01   1.3898899e-01   2.9785113e-04
   7.4686538e+00   1.3925468e-01   1.3902620e-01   2.2847980e-04
   7.4667387e+00   1.3913634e-01   1.3906239e-01   7.3942528e-05
   7.4648288e+00   1.3924854e-01   1.3900164e-01   2.4689633e-04
   7.4629251e+00   1.3926617e-01   1.3913790e-01   1.2827273e-04
   7.4610255e+00   1.3925208e-01   1.3916899e-01   8.3086630e-05
   7.4591322e+00   1.3899518e-01   1.3912810e-01  -1.3291646e-04
   7.4572429e+00   1.3935909e-01   1.3913474e-01   2.2434861e-04
   7.4553598e+00   1.3913826e-01   1.3927848e-01  -1.4021743e-04
   7.4534819e+00   1.3939534e-01   1.3926219e-01   1.3315471e-04
   7.4516101e+00   1.3924458e-01   1.3928050e-01  -3.5912200e-05
   7.4497424e+00   1.3925164e-01   1.3930807e-01  -5.6433761e-05
   7.4478798e+00   1.3935763e-01   1.3929930e-01   5.8331664e-05
   7.4460233e+00   1.3911247e-01   1.3937410e-01  -2.6163076e-04
   7.4441720e+00   1.3938387e-01   1.3940427e-01  -2.0395546e-05
   7.4423257e+00   1.3929492e-01   1.3937842e-01  -8.3493072e-05
   7.4404845e+00   1.3922366e-01   1.3939812e-01  -1.7445885e-04
   7.4386494e+00   1.3920885e-01   1.3939291e-01  -1.8406641e-04
   7.4368194e+00   1.3925982e-01   1.3941864e-01  -1.5881730e-04
   7.4349944e+00   1.3916601e-01   1.3949985e-01  -3.3383622e-04
   7.4331735e+00   1.3938995e-01   1.3951518e-01  -1.2522175e-04
   7.4313596e+00   1.3933498e-01   1.3955362e-01  -2.1864213e-04
   7.4295508e+00   1.3929894e-01   1.3961832e-01  -3.1937287e-04
   7.4277480e+00   1.3897120e-01   1.3957646e-01  -6.0525548e-04
   7.4259493e+00   1.3914094e-01   1.3962784e-01  -4.8689518e-04
   7.4241565e+00   1.3943024e-01   1.3963059e-01  -2.0034382e-04
   7.4223678e+00   1.3930709e-01   1.3970963e-01  -4.0254164e-04
   7.4205860e+00   1.3935444e-01   1.3972704e-01  -3.7259791e-04
   7.4188083e+00   1.3932819e-01   1.3971558e-01  -3.8738855e-04
   7.4170365e+00   1.3941820e-01   1.3980157e-01  -3.8336037e-04
   7.4152697e+00   1.3942566e-01   1.3981021e-01  -3.8454773e-04
   7.4135089e+00   1.3956932e-01   1.3980736e-01  -2.3803633e-04
   7.4117531e+00   1.3950668e-01   1.3981299e-01  -3.0630105e-04
   7.4100022e+00   1.3944112e-01   1.3999657e-01  -5.5545382e-04
   7.4082573e+00   1.3949737e-01   1.3987382e-01  -3.7645136e-04
   7.4065173e+00   1.3954678e-01   1.3997227e-01  -4.2549647e-04
   7.4047822e+00   1.3949796e-01   1.4001851e-01  -5.2054600e-04
   7.4030531e+00   1.3942583e-01   1.4002667e-01  -6.0083766e-04
   7.4013289e+00   1.3932548e-01   1.4009746e-01  -7.7198105e-04
   7.3996096e+00   1.3936597e-01   1.4007771e-01  -7.1173799e-04
   7.3978962e+00   1.3946153e-01   1.4003540e-01  -5.7387345e-04
   7.3961877e+00   1.3948908e-01   1.4006488e-01  -5.7579716e-04
   7.3944851e+00   1.3946945e-01   1.4003643e-01  -5.6697379e-04
   7.3927874e+00   1.3944188e-01   1.4006929e-01  -6.2741930e-04
   7.3910946e+00   1.3944527e-01   1.4005894e-01  -6.1367197e-04
   7.3894076e+00   1.3940155e-01   1.4007713e-01  -6.7558355e-04
   7.3877275e+00   1.3947598e-01   1.4008556e-01  -6.0957585e-04
   7.3860502e+00   1.3944137e-01   1.4010269e-01  -6.6131521e-04
   7.3843788e+00   1.3949274e-01   1.4024131e-01  -7.4856784e-04
   7.3827133e+00   1.3927268e-01   1.4009336e-01  -8.2067484e-04
   7.3810525e+00   1.3942906e-01   1.4002757e-01  -5.9850880e-04
   7.3793966e+00   1.3951713e-01   1.4015845e-01  -6.4131635e-04
   7.3777475e+00   1.3950245e-01   1.4011748e-01  -6.1503032e-04
   7.3761032e+00   1.3937370e-01   1.4009856e-01  -7.2485986e-04
   7.3744638e+00   1.3947773e-01   1.4011167e-01  -6.3393847e-04
   7.3728291e+00   1.3947110e-01   1.4007335e-01  -6.0226051e-04
   7.3712012e+00   1.3944580e-01   1.4003492e-01  -5.8911358e-04
   7.3695771e+00   1.3951230e-01   1.3999722e-01  -4.8492199e-04
   7.3679597e+00   1.3943509e-01   1.3983083e-01  -3.9573896e-04
   7.3663472e+00   1.3959919e-01   1.3984918e-01  -2.4998499e-04
   7.3647403e+00   1.3948387e-01   1.3975745e-01  -2.7357944e-04
   7.3631383e+00   1.3975122e-01   1.3964905e-01   1.0217508e-04
   7.3615400e+00   1.3984794e-01   1.3952202e-01   3.2591977e-04
   7.3599494e+00   1.4001323e-01   1.3934791e-01   6.6530899e-04
   7.3583626e+00   1.3985144e-01   1.3939045e-01   4.6099362e-04
   7.3567825e+00   1.3987177e-01   1.3908659e-01   7.8518287e-04
   7.3552061e+00   1.4028908e-01   1.3895431e-01   1.3347640e-03
   7.3536364e+00   1.4041170e-01   1.3892653e-01   1.4851690e-03
   7.3520715e+00   1.4020756e-01   1.3876365e-01   1.4439076e-03
   7.3505122e+00   1.4034232e-01   1.3865620e-01   1.6861177e-03
   7.3489576e+00   1.4031222e-01   1.3855128e-01   1.7609335e-03
   7.3474077e+00   1.4051126e-01   1.3853740e-01   1.9738589e-03
   7.3458654e+00   1.4049419e-01   1.3839191e-01   2.1022781e-03
   7.3443259e+00   1.4050142e-01   1.3836683e-01   2.1345904e-03
   7.3427930e+00   1.4064596e-01   1.3848972e-01   2.1562502e-03
   7.3412648e+00   1.4067608e-01   1.3834555e-01   2.3305275e-03
   7.3397432e+00   1.4072202e-01   1.3848219e-01   2.2398238e-03
   7.3382252e+00   1.4074451e-01   1.3845303e-01   2.2914870e-03
   7.3367129e+00   1.4081937e-01   1.3866099e-01   2.1583842e-03
   7.3352072e+00   1.4069854e-01   1.3870688e-01   1.9916633e-03
   7.3337052e+00   1.4068595e-01   1.3882375e-01   1.8621906e-03
   7.3322097e+00   1.4066111e-01   1.3913128e-01   1.5298310e-03
   7.3307189e+00   1.4066251e-01   1.3923038e-01   1.4321338e-03
   7.3292327e+00   1.4050536e-01   1.3940619e-01   1.0991732e-03
   7.3277540e+00   1.4049223e-01   1.3959583e-01   8.9640288e-04
   7.3262780e+00   1.4061502e-01   1.3988080e-01   7.3422094e-04
   7.3248085e+00   1.4043872e-01   1.4006020e-01   3.7852270e-04
   7.3233446e+00   1.4051228e-01   1.4034970e-01   1.6257680e-04
   7.3218863e+00   1.4047207e-01   1.4046295e-01   9.1118271e-06
   7.3204325e+00   1.4039584e-01   1.4066134e-01  -2.6549259e-04
   7.3189853e+00   1.4033477e-01   1.4098925e-01  -6.5448444e-04
   7.3175407e+00   1.4054251e-01   1.4122813e-01  -6.8561405e-04
   7.3161026e+00   1.4040241e-01   1.4137334e-01  -9.7093468e-04
   7.3146719e+00   1.4041960e-01   1.4167174e-01  -1.2521400e-03
   7.3132439e+00   1.4039874e-01   1.4182564e-01  -1.4268932e-03
   7.3118224e+00   1.4043836e-01   1.4197560e-01  -1.5372425e-03
   7.3104063e+00   1.4055627e-01   1.4225012e-01  -1.6938524e-03
   7.3089948e+00   1.4039030e-01   1.4230143e-01  -1.9111270e-03
   7.3075888e+00   1.4044011e-01   1.4257886e-01  -2.1387439e-03
   7.3061893e+00   1.4041784e-01   1.4256991e-01  -2.1520716e-03
   7.3047933e+00   1.4059235e-01   1.4273834e-01  -2.1459915e-03
   7.3034028e+00   1.4051399e-01   1.4276170e-01  -2.2477082e-03
   7.3020187e+00   1.4059755e-01   1.4291604e-01  -2.3184870e-03
   7.3006391e+00   1.4069517e-01   1.4310968e-01  -2.4145072e-03
   7.2992659e+00   1.4053551e-01   1.4321409e-01  -2.6785769e-03
   7.2978963e+00   1.4050719e-01   1.4326001e-01  -2.7528241e-03
   7.2965331e+00   1.4063170e-01   1.4343282e-01  -2.8011104e-03
   7.2951753e+00   1.4040757e-01   1.4363246e-01  -3.2248865e-03
   7.2938219e+00   1.4037023e-01   1.4374215e-01  -3.3719250e-03
   7.2924750e+00   1.4053428e-01   1.4384271e-01  -3.3084297e-03
   7.2911326e+00   1.4039053e-01   1.4389849e-01  -3.5079676e-03
   7.2897965e+00   1.4052567e-01   1.4414747e-01  -3.6217939e-03
   7.2884648e+00   1.4067439e-01   1.4411400e-01  -3.4396127e-03
   7.2871376e+00   1.4067428e-01   1.4413503e-01  -3.4607527e-03
   7.2858168e+00   1.4070900e-01   1.4417075e-01  -3.4617477e-03
   7.2845023e+00   1.4089185e-01   1.4425921e-01  -3.3673646e-03
   7.2831912e+00   1.4120957e-01   1.4425244e-01  -3.0428645e-03
   7.2818856e+00   1.4139852e-01   1.4409587e-01  -2.6973564e-03
   7.2805862e+00   1.4144622e-01   1.4399235e-01  -2.5461257e-03
   7.2792923e+00   1.4185090e-01   1.4383247e-01  -1.9815713e-03
   7.2780027e+00   1.4184973e-01   1.4357218e-01  -1.7224537e-03
   7.2767186e+00   1.4210724e-01   1.4320567e-01  -1.0984260e-03
   7.2754397e+00   1.4254149e-01   1.4293542e-01  -3.9393318e-04
   7.2741672e+00   1.4248296e-01   1.4247228e-01   1.0679278e-05
   7.2729000e+00   1.4288010e-01   1.4204303e-01   8.3707332e-04
   7.2716362e+00   1.4290768e-01   1.4171262e-01   1.1950658e-03
   7.2703796e+00   1.4302096e-01   1.4118733e-01   1.8336257e-03
   7.2691274e+00   1.4323965e-01   1.4076420e-01   2.4754512e-03
   7.2678806e+00   1.4332720e-01   1.4020910e-01   3.1180985e-03
   7.2666390e+00   1.4339054e-01   1.3991089e-01   3.4796535e-03
   7.2654027e+00   1.4320163e-01   1.3951225e-01   3.6893825e-03
   7.2641728e+00   1.4333079e-01   1.3917595e-01   4.1548380e-03
   7.2629471e+00   1.4305818e-01   1.3881320e-01   4.2449829e-03
   7.2617257e+00   1.4299423e-01   1.3860324e-01   4.3909868e-03
   7.2605116e+00   1.4294921e-01   1.3838238e-01   4.5668292e-03
   7.2593018e+00   1.4266000e-01   1.3822168e-01   4.4383208e-03
   7.2580982e+00   1.4249979e-01   1.3818911e-01   4.3106802e-03
   7.2568989e+00   1.4244433e-01   1.3808884e-01   4.3554962e-03
   7.2557049e+00   1.4203207e-01   1.3802398e-01   4.0080867e-03
   7.2545170e+00   1.4181318e-01   1.3805494e-01   3.7582456e-03
   7.2533335e+00   1.4178186e-01   1.3814507e-01   3.6367951e-03
   7.2521562e+00   1.4153762e-01   1.3841162e-01   3.1259998e-03
   7.2509841e+00   1.4136851e-01   1.3857240e-01   2.7961088e-03
   7.2498173e+00   1.4114018e-01   1.3881882e-01   2.3213509e-03
   7.2486547e+00   1.4113807e-01   1.3894979e-01   2.1882841e-03
   7.2474992e+00   1.4094254e-01   1.3918597e-01   1.7565759e-03
   7.2463470e+00   1.4092278e-01   1.3948410e-01   1.4386782e-03
   7.2452011e+00   1.4069378e-01   1.3963694e-01   1.0568360e-03
   7.2440612e+00   1.4089885e-01   1.3991729e-01   9.8156453e-04
   7.2429247e+00   1.4071908e-01   1.4008641e-01   6.3267353e-04
   7.2417962e+00   1.4072948e-01   1.4025231e-01   4.7716517e-04
   7.2406710e+00   1.4084266e-01   1.4048469e-01   3.5796793e-04
   7.2395510e+00   1.4093295e-01   1.4060625e-01   3.2670576e-04
   7.2384372e+00   1.4091031e-01   1.4069086e-01   2.1944926e-04
   7.2373294e+00   1.4121638e-01   1.4062244e-01   5.9394260e-04
   7.2362249e+00   1.4139382e-01   1.4075544e-01   6.3837381e-04
   7.2351265e+00   1.4118620e-01   1.4086147e-01   3.2472831e-04
   7.2340343e+00   1.4173571e-01   1.4083293e-01   9.0278217e-04
   7.2329462e+00   1.4157370e-01   1.4079355e-01   7.8014869e-04
   7.2318643e+00   1.4197509e-01   1.4075807e-01   1.2170159e-03
   7.2307875e+00   1.4172778e-01   1.4064926e-01   1.0785149e-03
   7.2297148e+00   1.4170822e-01   1.4057966e-01   1.1285632e-03
   7.2286492e+00   1.4177376e-01   1.4056403e-01   1.2097322e-03
   7.2275878e+00   1.4201371e-01   1.4037045e-01   1.6432575e-03
   7.2265315e+00   1.4182296e-01   1.4041965e-01   1.4033112e-03
   7.2254823e+00   1.4173431e-01   1.4032891e-01   1.4053952e-03
   7.2244372e+00   1.4155811e-01   1.4034094e-01   1.2171731e-03
   7.2233972e+00   1.4161133e-01   1.4026747e-01   1.3438646e-03
   7.2223632e+00   1.4155348e-01   1.4031053e-01   1.2429467e-03
   7.2213344e+00   1.4111220e-01   1.4036574e-01   7.4646127e-04
   7.2203097e+00   1.4080259e-01   1.4050782e-01   2.9477296e-04
   7.2192910e+00   1.4053842e-01   1.4047490e-01   6.3511266e-05
   7.2182775e+00   1.4043676e-01   1.4061529e-01  -1.7853050e-04
   7.2172690e+00   1.4007399e-01   1.4066296e-01  -5.8897288e-04
   7.2162675e+00   1.3947921e-01   1.4084322e-01  -1.3640102e-03
   7.2152701e+00   1.3932837e-01   1.4112962e-01  -1.8012554e-03
   7.2142768e+00   1.3918767e-01   1.4158930e-01  -2.4016296e-03
   7.2132914e+00   1.3895494e-01   1.4200186e-01  -3.0469201e-03
   7.2123092e+00   1.3847253e-01   1.4237348e-01  -3.9009472e-03
   7.2113330e+00   1.3825997e-01   1.4292372e-01  -4.6637524e-03
   7.2103618e+00   1.3832233e-01   1.4345184e-01  -5.1295045e-03
   7.2093957e+00   1.3821040e-01   1.4408456e-01  -5.8741575e-03
   7.2084356e+00   1.3815391e-01   1.4473763e-01  -6.5837214e-03
   7.2074815e+00   1.3827334e-01   1.4550907e-01  -7.2357309e-03
   7.2065323e+00   1.3829247e-01   1.4599721e-01  -7.7047413e-03
   7.2055873e+00   1.3843892e-01   1.4656913e-01  -8.1302129e-03
   7.2046482e+00   1.3880375e-01   1.4719401e-01  -8.3902564e-03
   7.2037142e+00   1.3903218e-01   1.4763475e-01  -8.6025675e-03
   7.2027861e+00   1.3940636e-01   1.4796619e-01  -8.5598330e-03
   7.2018630e+00   1.3977971e-01   1.4825975e-01  -8.4800462e-03
   7.2009449e+00   1.4036506e-01   1.4845847e-01  -8.0934156e-03
   7.2000328e+00   1.4062693e-01   1.4846837e-01  -7.8414483e-03
   7.1991247e+00   1.4095078e-01   1.4851815e-01  -7.5673736e-03
   7.1982244e+00   1.4151476e-01   1.4850286e-01  -6.9880923e-03
   7.1973272e+00   1.4193265e-01   1.4835333e-01  -6.4206801e-03
   7.1964351e+00   1.4239002e-01   1.4827444e-01  -5.8844292e-03
   7.1955498e+00   1.4254836e-01   1.4798630e-01  -5.4379447e-03
   7.1946694e+00   1.4311346e-01   1.4790818e-01  -4.7947241e-03
   7.1937931e+00   1.4341817e-01   1.4775789e-01  -4.3397165e-03
   7.1929237e+00   1.4384356e-01   1.4752375e-01  -3.6801930e-03
   7.1920592e+00   1.4404811e-01   1.4741698e-01  -3.3688680e-03
   7.1911987e+00   1.4420168e-01   1.4728082e-01  -3.0791356e-03
   7.1903450e+00   1.4442995e-01   1.4715139e-01  -2.7214464e-03
   7.1894963e+00   1.4458444e-01   1.4705841e-01  -2.4739644e-03
   7.1886526e+00   1.4466851e-01   1.4697241e-01  -2.3038922e-03
   7.1878138e+00   1.4491109e-01   1.4689513e-01  -1.9840392e-03
   7.1869818e+00   1.4492068e-01   1.4668647e-01  -1.7657860e-03
   7.1861538e+00   1.4507724e-01   1.4668678e-01  -1.6095415e-03
   7.1853308e+00   1.4495175e-01   1.4660338e-01  -1.6516285e-03
   7.1845155e+00   1.4540076e-01   1.4639645e-01  -9.9568774e-04
   7.1837022e+00   1.4546345e-01   1.4619003e-01  -7.2658032e-04
   7.1828968e+00   1.4539129e-01   1.4581335e-01  -4.2206358e-04
   7.1820953e+00   1.4572376e-01   1.4548746e-01   2.3630811e-04
   7.1812987e+00   1.4587700e-01   1.4515459e-01   7.2241364e-04
   7.1805089e+00   1.4646117e-01   1.4490410e-01   1.5570730e-03
   7.1797240e+00   1.4684433e-01   1.4435169e-01   2.4926431e-03
   7.1789440e+00   1.4714744e-01   1.4383424e-01   3.3131980e-03
   7.1781689e+00   1.4779601e-01   1.4326890e-01   4.5271006e-03
   7.1773997e+00   1.4798732e-01   1.4239915e-01   5.5881673e-03
   7.1766363e+00   1.4842864e-01   1.4143074e-01   6.9978988e-03
   7.1758777e+00   1.4872991e-01   1.4031554e-01   8.4143616e-03
   7.1751241e+00   1.4910775e-01   1.3918182e-01   9.9259304e-03
   7.1743762e+00   1.4918917e-01   1.3785706e-01   1.1332100e-02
   7.1736332e+00   1.4904373e-01   1.3639739e-01   1.2646348e-02
   7.1728951e+00   1.4910363e-01   1.3508252e-01   1.4021115e-02
   7.1721629e+00   1.4874545e-01   1.3397147e-01   1.4773981e-02
   7.1714364e+00   1.4818275e-01   1.3292013e-01   1.5262624e-02
   7.1707147e+00   1.4767101e-01   1.3196748e-01   1.5703536e-02
   7.1699989e+00   1.4668393e-01   1.3100570e-01   1.5678229e-02
   7.1694983e+00   1.4643611e-01   1.3026564e-01   1.6170467e-02
   7.1689987e+00   1.4595454e-01   1.2964510e-01   1.6309440e-02
   7.1684992e+00   1.4545679e-01   1.2893177e-01   1.6525014e-02
   7.1679979e+00   1.4482788e-01   1.2827487e-01   1.6553007e-02
   7.1674994e+00   1.4426921e-01   1.2746939e-01   1.6799828e-02
   7.1669983e+00   1.4351663e-01   1.2688117e-01   1.6635455e-02
   7.1664991e+00   1.4291691e-01   1.2635953e-01   1.6557373e-02
   7.1659981e+00   1.4188447e-01   1.2555165e-01   1.6332820e-02
   7.1654990e+00   1.4103745e-01   1.2486492e-01   1.6172529e-02
   7.1649991e+00   1.4023638e-01   1.2422174e-01   1.6014644e-02
   7.1644983e+00   1.3937540e-01   1.2367464e-01   1.5700767e-02
   7.1639986e+00   1.3842868e-01   1.2313028e-01   1.5298404e-02
   7.1634979e+00   1.3727555e-01   1.2246827e-01   1.4807284e-02
   7.1629993e+00   1.3613196e-01   1.2183730e-01   1.4294655e-02
   7.1624979e+00   1.3512104e-01   1.2129368e-01   1.3827362e-02
   7.1619994e+00   1.3376257e-01   1.2076136e-01   1.3001203e-02
   7.1614990e+00   1.3261329e-01   1.2020305e-01   1.2410240e-02
   7.1609979e+00   1.3118131e-01   1.1955593e-01   1.1625378e-02
   7.1604986e+00   1.2960210e-01   1.1892377e-01   1.0678325e-02
   7.1599976e+00   1.2810623e-01   1.1844980e-01   9.6564273e-03
   7.1594986e+00   1.2655084e-01   1.1794953e-01   8.6013074e-03
   7.1589977e+00   1.2496527e-01   1.1755932e-01   7.4059423e-03
   7.1584988e+00   1.2333467e-01   1.1696814e-01   6.3665322e-03
   7.1579990e+00   1.2188354e-01   1.1677360e-01   5.1099351e-03
   7.1574984e+00   1.2006627e-01   1.1647692e-01   3.5893499e-03
   7.1569988e+00   1.1872276e-01   1.1640641e-01   2.3163415e-03
   7.1564983e+00   1.1734553e-01   1.1654277e-01   8.0276033e-04
   7.1559988e+00   1.1593331e-01   1.1687820e-01  -9.4488249e-04
   7.1554994e+00   1.1505130e-01   1.1730747e-01  -2.2561736e-03
   7.1549983e+00   1.1424691e-01   1.1789480e-01  -3.6478987e-03
   7.1544991e+00   1.1354166e-01   1.1879961e-01  -5.2579496e-03
   7.1539980e+00   1.1322006e-01   1.1993757e-01  -6.7175040e-03
   7.1534990e+00   1.1339853e-01   1.2127911e-01  -7.8805798e-03
   7.1529981e+00   1.1368082e-01   1.2293903e-01  -9.2582095e-03
   7.1524992e+00   1.1404101e-01   1.2510169e-01  -1.1060677e-02
   7.1519994e+00   1.1484736e-01   1.2720551e-01  -1.2358143e-02
   7.1514978e+00   1.1596266e-01   1.2975178e-01  -1.3789122e-02
   7.1509991e+00   1.1731325e-01   1.3266756e-01  -1.5354314e-02
   7.1504977e+00   1.1887808e-01   1.3570759e-01  -1.6829513e-02
   7.1499992e+00   1.2079131e-01   1.3924032e-01  -1.8449010e-02
   7.1494979e+00   1.2308340e-01   1.4295019e-01  -1.9866792e-02
   7.1489986e+00   1.2519691e-01   1.4684472e-01  -2.1647816e-02
   7.1484994e+00   1.2782332e-01   1.5049388e-01  -2.2670557e-02
   7.1479984e+00   1.3027501e-01   1.5460837e-01  -2.4333361e-02
   7.1474993e+00   1.3298670e-01   1.5846085e-01  -2.5474142e-02
   7.1469984e+00   1.3548857e-01   1.6220161e-01  -2.6713048e-02
   7.1464985e+00   1.3846908e-01   1.6558349e-01  -2.7114413e-02
   7.1459978e+00   1.4101884e-01   1.6839635e-01  -2.7377510e-02
   7.1454991e+00   1.4490536e-01   1.7222019e-01  -2.7314834e-02
   7.1449994e+00   1.4615782e-01   1.7280291e-01  -2.6645084e-02
   7.1444980e+00   1.4737951e-01   1.7294699e-01  -2.5567474e-02
   7.1439986e+00   1.4864074e-01   1.7289826e-01  -2.4257522e-02
   7.1434982e+00   1.4919355e-01   1.7225990e-01  -2.3066357e-02
   7.1429989e+00   1.4986181e-01   1.7107699e-01  -2.1215175e-02
   7.1424978e+00   1.4985663e-01   1.6973467e-01  -1.9878043e-02
   7.1419986e+00   1.4968614e-01   1.6829639e-01  -1.8610251e-02
   7.1414986e+00   1.4920330e-01   1.6684678e-01  -1.7643479e-02
   7.1409978e+00   1.4898279e-01   1.6567498e-01  -1.6692194e-02
   7.1404988e+00   1.4852703e-01   1.6460597e-01  -1.6078936e-02
   7.1399981e+00   1.4821076e-01   1.6342489e-01  -1.5214130e-02
   7.1397487e+00   1.4822417e-01   1.6299618e-01  -1.4772007e-02
   7.1394994e+00   1.4832540e-01   1.6242723e-01  -1.4101834e-02
   7.1392481e+00   1.4820987e-01   1.6196662e-01  -1.3756756e-02
   7.1389988e+00   1.4838357e-01   1.6162156e-01  -1.3237990e-02
   7.1387485e+00   1.4879555e-01   1.6123804e-01  -1.2442490e-02
   7.1384983e+00   1.4933252e-01   1.6098659e-01  -1.1654070e-02
   7.1382481e+00   1.4974681e-01   1.6067840e-01  -1.0931591e-02
   7.1379988e+00   1.5034312e-01   1.6039934e-01  -1.0056222e-02
   7.1377487e+00   1.5116283e-01   1.6043922e-01  -9.2763937e-03
   7.1374976e+00   1.5204253e-01   1.6052057e-01  -8.4780356e-03
   7.1372493e+00   1.5278393e-01   1.6069187e-01  -7.9079426e-03
   7.1369992e+00   1.5396008e-01   1.6104240e-01  -7.0823144e-03
   7.1367482e+00   1.5476011e-01   1.6145140e-01  -6.6912936e-03
   7.1364981e+00   1.5572659e-01   1.6195097e-01  -6.2243824e-03
   7.1362490e+00   1.5689850e-01   1.6253578e-01  -5.6372771e-03
   7.1359989e+00   1.5785322e-01   1.6320335e-01  -5.3501257e-03
   7.1357480e+00   1.5903724e-01   1.6387471e-01  -4.8374721e-03
   7.1354989e+00   1.5978996e-01   1.6478027e-01  -4.9903063e-03
   7.1352489e+00   1.6084570e-01   1.6549552e-01  -4.6498200e-03
   7.1349981e+00   1.6181176e-01   1.6624710e-01  -4.4353359e-03
   7.1347481e+00   1.6273151e-01   1.6703569e-01  -4.3041809e-03
   7.1344991e+00   1.6338320e-01   1.6765070e-01  -4.2674911e-03
   7.1342492e+00   1.6451623e-01   1.6855180e-01  -4.0355707e-03
   7.1339984e+00   1.6540317e-01   1.6921530e-01  -3.8121297e-03
   7.1337486e+00   1.6683912e-01   1.7003968e-01  -3.2005567e-03
   7.1334987e+00   1.6822170e-01   1.7080369e-01  -2.5819840e-03
   7.1332480e+00   1.6975275e-01   1.7178805e-01  -2.0352999e-03
   7.1329982e+00   1.7155582e-01   1.7287794e-01  -1.3221225e-03
   7.1327493e+00   1.7371221e-01   1.7395573e-01  -2.4352289e-04
   7.1324986e+00   1.7634255e-01   1.7506586e-01   1.2766882e-03
   7.1322479e+00   1.7915569e-01   1.7639736e-01   2.7583295e-03
   7.1319991e+00   1.8218749e-01   1.7774953e-01   4.4379662e-03
   7.1317494e+00   1.8545116e-01   1.7899167e-01   6.4594841e-03
   7.1314979e+00   1.8897932e-01   1.8019004e-01   8.7892738e-03
   7.1312482e+00   1.9230573e-01   1.8129030e-01   1.1015432e-02
   7.1309986e+00   1.9538836e-01   1.8206004e-01   1.3328326e-02
   7.1307490e+00   1.9810773e-01   1.8250150e-01   1.5606227e-02
   7.1304984e+00   2.0012901e-01   1.8237013e-01   1.7758871e-02
   7.1302488e+00   2.0127286e-01   1.8169006e-01   1.9582801e-02
   7.1299993e+00   2.0182514e-01   1.8033671e-01   2.1488429e-02
   7.1297478e+00   2.0182515e-01   1.7802613e-01   2.3799017e-02
   7.1294983e+00   1.9993973e-01   1.7478881e-01   2.5150912e-02
   7.1292488e+00   1.9807629e-01   1.7075585e-01   2.7320441e-02
   7.1289993e+00   1.9498760e-01   1.6568912e-01   2.9298478e-02
   7.1287480e+00   1.9155736e-01   1.5997509e-01   3.1582272e-02
   7.1284994e+00   1.8737199e-01   1.5375577e-01   3.3616218e-02
   7.1282491e+00   1.8330092e-01   1.4698610e-01   3.6314819e-02
   7.1279978e+00   1.7920288e-01   1.4019219e-01   3.9010688e-02
   7.1277484e+00   1.7538288e-01   1.3355334e-01   4.1829548e-02
   7.1274990e+00   1.7149121e-01   1.2740239e-01   4.4088818e-02
   7.1272488e+00   1.6763894e-01   1.2177601e-01   4.5862932e-02
   7.1269976e+00   1.6455784e-01   1.1668925e-01   4.7868595e-02
   7.1267492e+00   1.6110694e-01   1.1247276e-01   4.8634175e-02
   7.1264990e+00   1.5850799e-01   1.0888116e-01   4.9626834e-02
   7.1262478e+00   1.5575000e-01   1.0586375e-01   4.9886254e-02
   7.1259976e+00   1.5312068e-01   1.0335458e-01   4.9766107e-02
   7.1257493e+00   1.5079030e-01   1.0131474e-01   4.9475562e-02
   7.1254992e+00   1.4920480e-01   9.9221660e-02   4.9983141e-02
   7.1252481e+00   1.4683520e-01   9.7369575e-02   4.9465628e-02
   7.1249989e+00   1.4500898e-01   9.5461824e-02   4.9547160e-02
   7.1247488e+00   1.4258463e-01   9.3532830e-02   4.9051803e-02
   7.1244979e+00   1.3951150e-01   9.1373143e-02   4.8138356e-02
   7.1242487e+00   1.3597648e-01   8.9144121e-02   4.6832360e-02
   7.1239987e+00   1.3167394e-01   8.6748195e-02   4.4925742e-02
   7.1237478e+00   1.2635501e-01   8.4202120e-02   4.2152895e-02
   7.1234978e+00   1.2059781e-01   8.1490542e-02   3.9107266e-02
   7.1232487e+00   1.1445096e-01   7.8358438e-02   3.6092522e-02
   7.1229988e+00   1.0825631e-01   7.4875744e-02   3.3380564e-02
   7.1227479e+00   1.0239002e-01   7.0929547e-02   3.1460475e-02
   7.1224989e+00   9.7098822e-02   6.6698590e-02   3.0400232e-02
   7.1222490e+00   9.1825747e-02   6.2311842e-02   2.9513905e-02
   7.1219982e+00   8.6826555e-02   5.7963979e-02   2.8862576e-02
   7.1217484e+00   8.1998757e-02   5.3719206e-02   2.8279551e-02
   7.1214995e+00   7.6942569e-02   4.9788006e-02   2.7154563e-02
   7.1212487e+00   7.1567809e-02   4.6133879e-02   2.5433931e-02
   7.1209980e+00   6.5593300e-02   4.2722299e-02   2.2871002e-02
   7.1207491e+00   5.9615370e-02   3.9465789e-02   2.0149581e-02
   7.1204994e+00   5.3888369e-02   3.6380590e-02   1.7507779e-02
   7.1202478e+00   4.8195050e-02   3.3496012e-02   1.4699038e-02
   7.1199981e+00   4.3026196e-02   3.0731549e-02   1.2294647e-02
   7.1197493e+00   3.8273312e-02   2.8190033e-02   1.0083279e-02
   7.1194987e+00   3.3786207e-02   2.5747507e-02   8.0387003e-03
   7.1192481e+00   3.0130398e-02   2.3600616e-02   6.5297821e-03
   7.1189994e+00   2.6824067e-02   2.1756591e-02   5.0674759e-03
   7.1187488e+00   2.4350215e-02   2.0120518e-02   4.2296973e-03
   7.1184983e+00   2.2300926e-02   1.8800916e-02   3.5000092e-03
   7.1182478e+00   2.0575013e-02   1.7594204e-02   2.9808092e-03
   7.1179992e+00   1.9188756e-02   1.6556306e-02   2.6324500e-03
   7.1177487e+00   1.8000759e-02   1.5479762e-02   2.5209977e-03
   7.1174982e+00   1.6993977e-02   1.4563669e-02   2.4303077e-03
   7.1172487e+00   1.6309532e-02   1.3813497e-02   2.4960343e-03
   7.1169993e+00   1.5685133e-02   1.3151254e-02   2.5338796e-03
   7.1167479e+00   1.5293823e-02   1.2634818e-02   2.6590051e-03
   7.1164976e+00   1.5027438e-02   1.2188276e-02   2.8391630e-03
   7.1162491e+00   1.4834867e-02   1.1857262e-02   2.9776054e-03
   7.1159987e+00   1.4952182e-02   1.1628583e-02   3.3235991e-03
   7.1157484e+00   1.4857126e-02   1.1499835e-02   3.3572907e-03
   7.1154990e+00   1.4546058e-02   1.1478301e-02   3.0677572e-03
   7.1152488e+00   1.4000462e-02   1.1463054e-02   2.5374080e-03
   7.1149976e+00   1.3487163e-02   1.1488794e-02   1.9983691e-03
   7.1147483e+00   1.3107923e-02   1.1598017e-02   1.5099064e-03
   7.1144990e+00   1.2985782e-02   1.1915916e-02   1.0698663e-03
   7.1142488e+00   1.2826882e-02   1.2459399e-02   3.6748319e-04
   7.1139977e+00   1.2742927e-02   1.3088337e-02  -3.4540975e-04
   7.1137494e+00   1.2680835e-02   1.3551352e-02  -8.7051715e-04
   7.1134992e+00   1.2626811e-02   1.3901432e-02  -1.2746212e-03
   7.1132482e+00   1.2673657e-02   1.3997573e-02  -1.3239164e-03
   7.1129981e+00   1.2646968e-02   1.3788597e-02  -1.1416292e-03
   7.1127490e+00   1.2584309e-02   1.2992656e-02  -4.0834740e-04
   7.1124989e+00   1.2457818e-02   1.1849505e-02   6.0831391e-04
   7.1122479e+00   1.2339610e-02   1.0680965e-02   1.6586444e-03
   7.1119988e+00   1.1897280e-02   9.7676838e-03   2.1295968e-03
   7.1117488e+00   1.1015312e-02   9.1401194e-03   1.8751923e-03
   7.1114979e+00   1.0088200e-02   8.7117573e-03   1.3764428e-03
   7.1112480e+00   9.4328487e-03   8.4091723e-03   1.0236764e-03
   7.1109989e+00   8.9747504e-03   8.2032922e-03   7.7145813e-04
   7.1107490e+00   8.6572032e-03   7.9750030e-03   6.8220027e-04
   7.1104982e+00   8.4149807e-03   7.8429089e-03   5.7207173e-04
   7.1102492e+00   8.2007819e-03   7.7036002e-03   4.9718171e-04
   7.1099994e+00   8.0240700e-03   7.6422280e-03   3.8184190e-04
   7.1097477e+00   7.9246943e-03   7.5476537e-03   3.7704060e-04
   7.1094988e+00   7.8579606e-03   7.4972832e-03   3.6067741e-04
   7.1092490e+00   7.7652038e-03   7.4222451e-03   3.4295860e-04
   7.1089983e+00   7.6705562e-03   7.3408253e-03   3.2973091e-04
   7.1087476e+00   7.5840348e-03   7.2675848e-03   3.1645004e-04
   7.1084987e+00   7.5029249e-03   7.2376656e-03   2.6525930e-04
   7.1082490e+00   7.4197550e-03   7.1716552e-03   2.4809980e-04
   7.1079984e+00   7.3915702e-03   7.1310333e-03   2.6053683e-04
   7.1077487e+00   7.3531660e-03   7.0644236e-03   2.8874241e-04
   7.1074990e+00   7.2658721e-03   7.0603164e-03   2.0555563e-04
   7.1072485e+00   7.2420176e-03   6.9900606e-03   2.5195698e-04
   7.1069979e+00   7.1585380e-03   6.9378752e-03   2.2066278e-04
   7.1067492e+00   7.1839207e-03   6.9404213e-03   2.4349943e-04
   7.1064987e+00   7.0848369e-03   6.8938281e-03   1.9100880e-04
   7.1062482e+00   7.0659241e-03   6.8455729e-03   2.2035117e-04
   7.1059987e+00   7.0203957e-03   6.8151036e-03   2.0529205e-04
   7.1057491e+00   6.9876735e-03   6.8047819e-03   1.8289168e-04
   7.1054978e+00   6.9302890e-03   6.7845466e-03   1.4574239e-04
   7.1052483e+00   6.9218897e-03   6.7297554e-03   1.9213425e-04
   7.1049988e+00   6.8628993e-03   6.7196503e-03   1.4324901e-04
   7.1047493e+00   6.8559219e-03   6.6850087e-03   1.7091317e-04
   7.1044981e+00   6.7918592e-03   6.6578402e-03   1.3401895e-04
   7.1042486e+00   6.8108383e-03   6.6462548e-03   1.6458344e-04
   7.1039993e+00   6.7677547e-03   6.6191391e-03   1.4861563e-04
   7.1037480e+00   6.7516948e-03   6.5906539e-03   1.6104087e-04
   7.1034977e+00   6.6960321e-03   6.5534753e-03   1.4255677e-04
   7.1032493e+00   6.6629557e-03   6.5393043e-03   1.2365140e-04
   7.1029991e+00   6.6586737e-03   6.5292622e-03   1.2941146e-04
   7.1027480e+00   6.6338438e-03   6.5061153e-03   1.2772853e-04
   7.1024987e+00   6.5979216e-03   6.4860796e-03   1.1184200e-04
   7.1022494e+00   6.5982189e-03   6.4706384e-03   1.2758045e-04
   7.1019983e+00   6.5681086e-03   6.4295259e-03   1.3858269e-04
   7.1017482e+00   6.5602600e-03   6.4225661e-03   1.3769387e-04
   7.1014990e+00   6.5233235e-03   6.4183732e-03   1.0495028e-04
   7.1012489e+00   6.5159926e-03   6.3900989e-03   1.2589363e-04
   7.1009979e+00   6.4865179e-03   6.3658399e-03   1.2067808e-04
   7.1007487e+00   6.4571559e-03   6.3702097e-03   8.6946177e-05
   7.1004987e+00   6.4571599e-03   6.3588493e-03   9.8310586e-05
   7.1002478e+00   6.4481992e-03   6.3410271e-03   1.0717208e-04
   7.0999978e+00   6.4201406e-03   6.3132431e-03   1.0689753e-04
   7.0989989e+00   6.3396973e-03   6.2465049e-03   9.3192382e-05
   7.0979993e+00   6.2811794e-03   6.2207932e-03   6.0386205e-05
   7.0969992e+00   6.2220253e-03   6.1504797e-03   7.1545580e-05
   7.0959994e+00   6.1503673e-03   6.1058164e-03   4.4550900e-05
   7.0949981e+00   6.1041314e-03   6.0730396e-03   3.1091800e-05
   7.0939980e+00   6.1125156e-03   6.0167115e-03   9.5804131e-05
   7.0929991e+00   6.0145445e-03   5.9849684e-03   2.9576012e-05
   7.0919987e+00   5.9839241e-03   5.9721441e-03   1.1780037e-05
   7.0909987e+00   5.9860184e-03   5.9111730e-03   7.4845386e-05
   7.0899989e+00   5.9224201e-03   5.8870417e-03   3.5378442e-05
   7.0889976e+00   5.9113501e-03   5.8547651e-03   5.6584964e-05
   7.0879976e+00   5.8498234e-03   5.8407095e-03   9.1139644e-06
   7.0869978e+00   5.8537604e-03   5.8013848e-03   5.2375672e-05
   7.0859993e+00   5.8269477e-03   5.7773767e-03   4.9571049e-05
   7.0849993e+00   5.7363274e-03   5.7667559e-03  -3.0428446e-05
   7.0839987e+00   5.8135630e-03   5.7394303e-03   7.4132662e-05
   7.0829993e+00   5.7643795e-03   5.7037783e-03   6.0601242e-05
   7.0819984e+00   5.7346123e-03   5.6941952e-03   4.0417097e-05
   7.0809977e+00   5.6748624e-03   5.6696172e-03   5.2451514e-06
   7.0799984e+00   5.6427535e-03   5.6721754e-03  -2.9421915e-05
